58656
45399
2996
17163
16
60822
49595
65121
15735
3134
40671
15761
31745
16184
7686
64773
54673
54213
2238
6960
53283
59274
2779
62558
13391
5139
31460
35196
35868
19186
55178
4614
28370
59809
64625
8362
614
21397
21740
12724
3752
51013
51439
28752
49684
20503
60185
15931
53793
38801
9457
63218
63899
23634
35892
3585
23767
45290
28672
63021
65096
4254
64137
50866
62363
20500
58015
52080
19743
29819
45913
44664
52286
20768
46703
45971
23393
14764
54025
13037
20221
10985
28091
42436
30199
5398
29332
55449
58486
50589
36609
16537
49257
41727
20850
47021
36985
41208
28722
39475
7479
42087
6744
9550
42769
58162
40123
8912
27316
35753
13443
10914
24225
21951
63655
44852
2228
16036
56940
30061
57068
2402
602
11968
3240
44291
16923
32765
45668
22340
31662
34600
58128
22902
20092
51357
11290
14578
21133
36371
24138
15599
25697
4840
27170
32140
55352
7981
23582
31538
20764
55199
6490
13952
13788
56154
15534
14417
41951
14817
1229
53907
37942
13344
24204
32476
9791
4855
51246
49697
39749
1150
46381
36573
9111
59385
45608
11210
50800
7864
22514
7665
13858
59143
121
11517
34952
58580
39294
2327
33798
23540
9490
24087
25231
14287
53285
47344
45484
26232
45242
54776
57139
51149
31121
421
21021
7767
54504
46429
56412
5571
52463
38821
18753
48156
11222
22099
43858
17752
8272
19166
26418
53067
39676
39046
22322
13323
48904
6721
32522
1319
45434
26460
53473
10456
61481
55710
24283
34164
55581
33549
54945
54750
62838
37934
22958
29906
3595
51743
11500
21452
48236
3678
34760
48796
38456
48402
9551
13583
54320
51625
31877
57950
24372
47634
32607
52498
64645
46484
62604
9042
15876
31472
26368
19968
19234
18722
59959
8831
18938
46037
45716
28116
30209
6221
37209
40542
61647
19799
35548
55742
19070
6492
63191
52518
12148
39146
21899
56593
47723
46618
25521
35108
36947
2789
4835
18246
12643
30040
11886
20663
11526
31092
24027
51925
5632
33074
22798
60903
63141
40014
58779
50402
29653
36604
13558
29595
62786
36091
34394
39945
52272
46560
18805
8431
1079
21501
7913
43705
62739
37249
58579
42295
52813
9012
57199
63477
48888
42550
4877
12694
29166
47681
5415
55154
54067
23722
12471
48974
17121
38349
26148
59476
56849
4863
62361
62513
37962
63221
1899
53260
41242
45493
36351
6335
21218
33850
46821
32031
64238
60152
34028
42477
31913
16825
10750
46031
19401
51994
60545
2730
12421
57998
12528
9455
56978
35151
348
27518
9616
417
1548
21859
10236
38918
32974
18680
55049
42058
8068
11015
48696
52319
46355
11195
38684
34164
24967
2572
58651
5282
58862
44878
2061
3139
48568
3073
27602
40377
49513
34593
12400
32100
9278
14
25215
30739
23430
25430
31853
60024
10766
37413
57174
50281
38695
60725
33613
40788
61219
11563
42003
12621
9596
28025
21952
20733
40632
59992
62952
6791
52414
4294
28332
7837
23246
9809
25403
60314
20997
10487
7519
35036
33676
8894
33741
32513
13688
15391
25979
57428
4655
29026
63774
5104
27442
11364
56838
20487
11958
50159
5692
7350
24214
17938
3679
38172
15984
8740
40761
38920
55528
35721
9482
43330
26900
30179
511
57293
55145
10476
43417
8566
63765
54106
17225
55352
63567
37801
63519
50970
2893
57710
39908
12876
59734
31819
59892
64916
47429
19700
27533
1295
11704
25386
3252
56029
18584
16243
47113
22787
42200
21214
11721
30137
61776
26740
59477
25021
30191
64930
52706
53392
31799
18092
52473
2469
26737
15611
17696
62477
20838
1127
20461
9267
15375
48457
65010
16632
36523
26910
22426
4922
18059
28971
12756
48392
25725
6156
33238
60437
30904
17101
114
8851
18325
37425
23797
12742
61272
23436
36574
51026
31858
14364
44625
2400
24520
17547
6628
681
8527
54886
9933
26173
921
5406
35748
38958
8796
7606
40777
3046
8578
56876
12795
53074
29499
50617
38923
27571
62818
33776
43112
19817
32786
110
16260
21627
33830
16809
58737
31621
1982
20897
46594
8922
56273
9526
41152
15817
30691
54404
40242
41206
23300
60074
62572
1585
29433
30646
17282
3259
57013
49727
12591
55554
24456
48694
58568
52208
8189
46421
23166
44365
48945
8700
35518
11704
7979
37199
42180
45110
37699
19270
4404
14658
13436
31097
40240
22012
17384
60881
45837
61903
16944
33629
22489
53225
22070
17294
20070
43085
36574
2845
7722
29348
48303
51837
16251
60197
554
49083
40157
54411
46321
8654
19242
25864
55639
49527
32233
61465
62637
41068
37674
33745
27736
36504
45112
25208
24362
34191
63315
4299
18240
58695
23560
62143
39892
29187
39053
64492
44875
13164
43072
60036
44468
12080
27459
31713
42464
42897
551
27833
6860
42787
59509
19688
40765
30795
36420
58376
18852
22296
62910
18659
28074
33212
50775
54808
31385
29770
3570
52004
21870
60177
3495
58742
10668
28935
36122
21197
55526
8223
12838
36877
46314
36436
50183
40655
36712
3457
26135
17512
55976
44175
8373
3810
17629
14305
15165
48161
548
39916
18995
27907
45888
63803
36299
9793
18527
50098
34770
25418
25192
59726
6792
36979
64029
5526
11471
51756
40388
14489
45285
10823
31613
59552
2744
43898
64255
36736
36611
29172
40077
34148
7740
20144
40868
54651
31451
5700
445
58267
49968
58209
20283
7804
39178
23980
38449
22343
48619
26332
20103
57059
55032
11949
62786
45568
20820
12883
21444
28837
64332
27140
22440
43792
27188
14101
3870
59017
5367
9035
55345
14197
41393
20157
20924
9373
3652
26893
54007
55558
31235
11595
32030
14149
40615
47466
47472
53811
49599
29596
44952
60548
45905
62675
62674
39472
31577
6322
5692
50532
43950
40070
22439
58241
65451
57528
59250
28573
29790
28336
11915
1334
21410
57536
52499
6622
41044
65158
14184
40265
53875
7840
61385
8024
7450
47778
42426
53485
24283
13420
26881
47474
1138
61556
57751
42449
18271
32625
39868
41151
23246
49064
56990
36228
60050
51892
55292
51364
16226
40120
48893
25249
61891
38231
47026
43846
12217
63009
63017
50520
43443
3428
55121
60835
34326
52190
17936
64387
39451
38877
59258
32258
18192
36144
49349
13926
65074
18210
39010
45324
43058
23765
28666
26285
10618
61687
35554
19520
30339
61475
25294
38250
13694
44482
18005
56983
43335
39361
43456
3852
36429
27351
11704
17027
